((("height" .
   [1 0 0 0 0 0])
  ("$color-purple900" .
   [0 0 0 0 0 0 0 0 0 0 0 1 0 0 0 0])
  ("background-color" .
   [0 0 0 0 0 0 0 0 0 0 0 0 0 0 0 1])
  ("grid-row" .
   [0 0 0 0 0 0 0 1])
  ("grid-column" .
   [1 0 0 0 0 0 0 0 0 0 0])
  ("ShippingDetails" .
   [1 0 0 0 0 1 0 0 0 0 0 0 0 0 0])
  ("from" .
   [2 0 0 0])
  ("PurchaseSummary" .
   [0 0 0 0 0 0 0 0 0 0 0 0 0 0 2])
  ("import" .
   [2 0 0 0 0 0])
  ("password" .
   [7 0 0 0 0 0 0 0])
  ("unzip" .
   [3 0 0 0 0])
  ("fs" .
   [2 0])
  ("uploads" .
   [1 0 0 0 0 0 0])
  ("originalname" .
   [0 0 0 0 0 0 0 0 0 0 1 0])
  ("any" .
   [1 0 0])
  ("mamba-app" .
   [0 0 0 1 0 0 0 0 0])
  ("multiple" .
   [1 0 0 0 0 0 0 0])
  ("dist" .
   [1 0 0 0])
  ("Seu" .
   [2 0 0])
  ("text-center" .
   [2 0 0 0 0 0 0 0 0 0 0])
  ("Mamba" .
   [1 0 0 0 0])
  ("do" .
   [2 0])
  ("apps" .
   [1 0 0 0])
  ("Empacotador" .
   [1 0 0 0 0 0 0 0 0 0 0])
  ("Roboto" .
   [1 0 0 0 0 0])
  ("font-family" .
   [1 0 0 0 0 0 0 0 0 0 0])
  ("Bootstrap" .
   [2 0 0 0 0 0 0 0 0])
  ("CSS" .
   [1 0 0])
  ("App" .
   [2 0 0])
  ("script" .
   [0 0 0 2 0 0])
  ("link" .
   [1 0 0 0])
  ("style" .
   [3 0 0 0 0])
  ("src" .
   [3 0 0])
  ("legend" .
   [1 0 0 0 0 0])
  ("to_json" .
   [1 0 0 0 0 0 0])
  ("query" .
   [4 0 0 0 0])
  ("multiplus" .
   [0 0 0 0 0 1 0 0 0])
  ("*********************************************" .
   [0 0 0 0 0 0 0 0 0 0 0 0 0 0 0 0 1 0 0 0 0 0 0 0 0 0 0 0 0 0 0 0 0 0 0 0 0 0 0 0 0 0 0 0 0])
  ("**********************************************" .
   [0 0 1 0 0 0 0 0 0 0 0 0 0 0 0 0 0 0 0 0 0 0 0 0 0 0 0 0 0 0 0 0 0 0 0 0 0 0 0 0 0 0 0 0 0 0])
  ("ng-controller" .
   [0 0 0 0 1 0 0 0 0 0 0 0 0])
  ("index" .
   [1 0 0 0 0])
  ("multiplusCtrl" .
   [1 0 0 1 0 0 0 0 0 0 0 0 0])
  ("nbsp" .
   [1 0 0 0])
  ("class" .
   [4 0 0 0 0])
  ("div" .
   [4 0 0])
  ("const" .
   [3 0 0 0 0])
  ("listen" .
   [0 0 0 1 0 0])
  ("app" .
   [2 0 1])
  ("car" .
   [1 0 1])
  ("iWantSome" .
   [0 0 1 0 0 0 0 0 0])
  ("console" .
   [3 0 0 0 0 1 1])
  ("log" .
   [4 0 0])
  ("logo" .
   [0 0 0 1])
  ("var" .
   [1 0 0])
  ("color" .
   [1 0 0 0 0])
  ("zipcode" .
   [2 0 0 0 0 0 0])
  ("body" .
   [3 0 0 0])
  ("de" .
   [1 0])
  ("mamba" .
   [1 0 0 0 0])
  ("para" .
   [1 0 0 0])
  ("method" .
   [1 0 0 0 0 0])
  ("post" .
   [1 0 0 0])
  ("http" .
   [1 0 0 0])
  ("input" .
   [1 0 0 0 0])
  ("type" .
   [2 0 0 0])
  ("APP" .
   [2 0 0])
  ("dest" .
   [2 0 0 0])
  ("a" .
   [2])
  ("storage" .
   [3 0 0 1 0 0 0])
  ("req" .
   [4 0 0])
  ("file" .
   [4 0 0 0])
  ("files" .
   [6 0 0 0 1])
  ("let" .
   [11 0 0])
  ("single" .
   [1 0 0 0 0 0])
  ("res" .
   [1 0 0])
  ("json" .
   [1 0 0 0])
  ("true" .
   [1 0 0 0])
  ("multer" .
   [2 0 0 0 0 0])
  ("require" .
   [2 0 0 0 0 0 0])
  ("value" .
   [1 0 0 0 0])
  ("pan" .
   [1 0 0])
  ("innerHTML" .
   [1 0 0 0 0 0 0 0 0])
  ("mb-password" .
   [1 0 0 0 0 0 0 0 0 0 0])
  ("width" .
   [2 0 0 0 0])
  ("response" .
   [2 0 0 0 0 0 0 0])
  ("thisObject" .
   [0 0 0 0 0 0 1 0 0 0])
  ("filipetaParceiro" .
   [1 0 0 0 0 0 0 0 0 0 0 0 0 0 0 0])
  ("filipetaAmbev" .
   [2 0 0 0 0 0 0 0 0 0 0 0 0])
  ("null" .
   [3 0 0 0])
  ("router" .
   [2 0 0 0 0 0])
  ("$router" .
   [1 0 0 0 0 0 0])
  ("configs" .
   [0 0 0 0 0 0 1])))
